3400
4000
0000
FB00
4010
0000
8201
0001
4010
0000
8201
0002
4010
0000
8201
0003
4010
0000
8201
0004
4010
0000
8201
0005
4000
0000
8200
0006
4000
0000
8200
0007
4000
0000
8200
0008
4000
0000
8200
0009
4000
012D
8200
000A
4000
03EC
8200
000B
4000
117A
8200
000C
4000
03FD
8200
000D
4000
0443
8200
000E
4000
042F
8200
000F
4000
04D2
8200
0010
4000
046B
8200
0011
4000
0688
8200
0012
4000
0508
8200
0013
4000
05A9
8200
0014
4000
05C6
8200
0015
4000
05E4
8200
0016
4000
06B7
8200
0017
4000
0779
8200
0018
4000
0786
8200
0019
4000
089F
8200
001A
4000
0885
8200
001B
4000
085F
8200
001C
4000
081D
8200
001D
4000
0958
8200
001E
4000
0965
8200
001F
4000
09BD
8200
0020
4000
09A9
8200
0021
4000
09E7
8200
0022
4000
0A3F
8200
0023
4000
0A2B
8200
0024
4000
0A69
8200
0025
4000
0AC0
8200
0026
4000
0AAC
8200
0027
4000
0B32
8200
0028
4000
0EA5
8200
0029
4000
0B43
8200
002A
4000
0C7C
8200
002B
4000
0C3D
8200
002C
4000
0C2B
8200
002D
4000
0BEA
8200
002E
4000
0C63
8200
002F
4000
0D25
8200
0030
4000
0D32
8200
0031
4000
0DD9
8200
0032
4000
0DB8
8200
0033
4000
0DA4
8200
0034
4000
0E07
8200
0035
4000
0E49
8200
0036
4000
118B
8200
0037
3400
4070
0000
4080
0000
1000
4000
0000
4010
0000
40B0
0000
F600
5C00
00EC
3F00
3C00
8000
0001
4810
FFFF
8201
0001
4800
0000
FA00
8200
0004
8000
0002
8200
0005
820B
0002
F700
4800
0000
8010
0000
4821
0000
8202
0003
4811
FFFF
CC01
8200
0000
4000
0000
E800
3E00
3400
820B
0006
820B
0007
820B
0008
820B
0009
4070
0000
4080
0000
8000
000A
D800
3400
4000
0124
8200
000A
5800
1437
5800
1434
3400
4000
0147
8200
000A
4000
0147
8200
000A
8000
0002
4C00
0080
8200
0002
4000
0001
E800
4000
014B
8200
000B
5800
1437
5800
1435
3400
8000
000B
D800
3400
4000
014B
8200
000B
4000
03EC
8200
000B
4000
03F0
8200
000C
4000
03FD
8200
000D
4000
0002
E800
5C00
0174
4000
0401
8200
000E
4000
0003
E800
4000
0405
8200
000F
8010
0007
5E10
0001
8201
0007
5800
01DB
3400
4000
0443
8200
000E
4000
0004
E800
5C00
0191
4000
0447
8200
0010
4000
0005
E800
4000
044B
8200
0011
8010
0007
5E10
0001
8201
0007
5800
01DA
3400
4000
04D2
8200
0010
4000
0006
E800
5C00
01B1
4000
04D6
8200
0012
4000
0007
E800
4000
04DA
8200
0013
4000
0008
E800
8010
0007
5E10
0001
8201
0007
5800
01D9
3400
4000
0688
8200
0012
4000
0009
E800
5C00
01CD
4000
000A
E800
4000
068C
8200
0017
4000
000B
E800
8010
0007
5E10
0001
8201
0007
5800
01D8
3400
4000
03F4
8200
000D
8010
0007
5E10
0000
8201
0007
3400
3400
3400
3400
4000
0779
8200
0018
4000
0786
8200
0019
4000
078A
8200
001A
4000
000C
E800
5C00
0278
8000
0005
4800
0040
5C00
026A
4000
078E
8200
001B
8000
0005
4800
2000
5C00
022C
4000
085F
8200
001C
4000
000E
E800
8000
0005
4800
0020
5C00
021B
8000
0002
4C00
0200
8200
0002
4000
000F
E800
8010
0008
5E10
0001
8201
0008
5800
0229
3400
4000
0010
E800
4000
089F
8200
001A
8010
0008
5E10
0001
8201
0008
3400
5800
0267
3400
4000
0792
8200
001C
4000
07CC
8200
001D
C82B
8000
0005
4800
8000
4830
8000
5C30
0243
4030
7FFF
C803
5800
0246
4030
8000
CC03
5C00
024A
4C22
0001
C80B
F802
4800
0001
5C00
025C
4000
081D
8200
001D
8010
0008
5E10
0001
8201
0008
5800
0266
3400
4000
000D
E800
8010
0008
5E10
0001
8201
0008
3400
3400
5800
0275
3400
4000
089F
8200
001A
8010
0008
5E10
0001
8201
0008
3400
5800
0283
3400
4000
089F
8200
001A
8010
0008
5E10
0001
8201
0008
3400
4000
0958
8200
001E
4000
0965
8200
001F
4000
0969
8200
0020
4000
0980
8200
0021
4000
0011
E800
8010
0009
5E10
0001
8201
0009
4000
09E7
8200
0022
4000
09EB
8200
0023
4000
0A02
8200
0024
4000
0012
E800
8010
0009
5E10
0001
8201
0009
4000
0A69
8200
0025
4000
0A6D
8200
0026
4000
0A84
8200
0027
4000
0013
E800
8010
0009
5E10
0001
8201
0009
8000
0009
4310
0001
5C10
02CD
3400
8010
0008
5E10
0001
8201
0008
5800
02D6
8000
0008
4310
0001
5C10
02DC
3400
8010
0007
5E10
0001
8201
0007
5800
02E5
4000
0B32
8200
0028
4000
0B36
8200
0029
4000
0B43
8200
002A
4000
0B47
8200
002B
4000
0014
E800
5C00
0375
8000
0005
4800
0010
5C00
0333
4000
0C3D
8200
002C
4000
0016
E800
4000
0C41
8200
002F
8000
0005
4800
0008
5C00
0322
8000
0002
4C00
0400
8200
0002
4000
0017
E800
8010
0008
5E10
0001
8201
0008
5800
0330
3400
4000
0018
E800
4000
0C63
8200
002F
8010
0008
5E10
0001
8201
0008
3400
5800
0372
3400
4000
0B4B
8200
002C
4000
0B89
8200
002D
4000
0B8D
8200
002E
C82B
8000
0005
4800
4000
4830
4000
5C30
034E
4030
BFFF
C803
5800
0351
4030
4000
CC03
5C00
0355
4C22
0001
C80B
F802
4800
0001
5C00
0367
4000
0BEA
8200
002E
8010
0008
5E10
0001
8201
0008
5800
0371
3400
4000
0015
E800
8010
0008
5E10
0001
8201
0008
3400
3400
5800
0380
3400
4000
0C7C
8200
002B
8010
0008
5E10
0001
8201
0008
3400
4000
0D25
8200
0030
4000
0D32
8200
0031
4000
0D36
8200
0032
4000
0D3A
8200
0033
4000
0D7C
8200
0034
4000
0019
E800
8010
0009
5E10
0001
8201
0009
4000
0E07
8200
0035
4000
0E21
8200
0036
4000
001A
E800
8010
0009
5E10
0001
8201
0009
8000
0009
4310
0001
5C10
03B5
3400
8010
0008
5E10
0001
8201
0008
5800
03BE
8000
0008
4310
0001
5C10
03C4
3400
8010
0007
5E10
0001
8201
0007
5800
03CD
8000
0007
4310
0001
5C10
03DB
4310
0001
5C10
03E0
4310
0001
5C10
03E5
3400
5800
1437
5800
03EA
3400
5800
1437
5800
03EA
3400
5800
1437
5800
03EA
5800
1430
3400
8000
000C
D800
3400
8000
000D
D800
3400
8010
0007
5E10
0000
8201
0007
5800
076B
3400
8000
000E
D800
3400
8000
000F
D800
3400
4000
0405
8200
000F
4000
042F
8200
000F
4000
0035
E800
5C00
041E
4000
0036
E800
8010
0007
5E10
0002
8201
0007
5800
042C
3400
4000
0037
E800
4000
0405
8200
000F
8010
0007
5E10
0001
8201
0007
3400
5800
043F
3400
4000
0038
E800
4000
0405
8200
000F
8010
0007
5E10
0001
8201
0007
5800
0440
3400
3400
5800
0767
3400
8000
0010
D800
3400
8000
0011
D800
3400
8000
0005
4800
0200
5C00
0461
4000
046B
8200
0011
4000
0039
E800
8010
0007
5E10
0001
8201
0007
5800
0468
3400
8010
0007
5E10
0001
8201
0007
3400
5800
04CD
3400
4000
003A
E800
5C00
0489
4000
003B
E800
4000
0496
8200
0011
4000
003C
E800
8000
0002
4C00
4000
8200
0002
8010
0007
5E10
0001
8201
0007
5800
0493
3400
4000
003D
E800
8010
0007
5E10
0001
8201
0007
3400
5800
04CE
3400
4000
003E
E800
5C00
04BA
4000
003F
E800
4000
0040
E800
5C00
04AC
8010
0007
5E10
0002
8201
0007
5800
04B7
3400
4000
044B
8200
0011
8010
0007
5E10
0001
8201
0007
3400
5800
04CA
3400
4000
0041
E800
8000
0002
4C00
4000
8200
0002
8010
0007
5E10
0001
8201
0007
3400
5800
04CF
3400
3400
3400
5800
0763
3400
8000
0012
D800
3400
8000
0013
D800
3400
4000
0042
E800
5C00
04FB
4000
0043
E800
4000
0508
8200
0013
4000
0044
E800
8000
0002
4C00
8000
8200
0002
4000
0045
E800
8010
0007
5E10
0001
8201
0007
5800
0505
3400
4000
0046
E800
8010
0007
5E10
0001
8201
0007
3400
5800
0681
3400
4000
0047
E800
5C00
051D
4000
0048
E800
4000
0533
8200
0013
8010
0007
5E10
0001
8201
0007
5800
0530
3400
4000
0049
E800
8000
0002
4C00
8000
8200
0002
4000
004A
E800
8010
0007
5E10
0001
8201
0007
3400
5800
0682
3400
8000
0005
4800
0400
5C00
0549
4000
0553
8200
0013
4000
004B
E800
8010
0007
5E10
0001
8201
0007
5800
0550
3400
8010
0007
5E10
0001
8201
0007
3400
5800
0683
3400
4000
004C
E800
5C00
058F
4000
004D
E800
4000
059C
8200
0013
4000
05A9
8200
0014
8000
0002
4C00
1000
8200
0002
8010
0008
5E10
0001
8201
0008
4000
05C6
8200
0015
4000
05CA
8200
0016
8010
0008
5E10
0001
8201
0008
8000
0008
4310
0001
5C10
0584
3400
8010
0007
5E10
0001
8201
0007
5800
058D
5800
0599
3400
4000
004E
E800
8010
0007
5E10
0001
8201
0007
3400
5800
0684
3400
8000
0014
D800
3400
8010
0008
5E10
0000
8201
0008
5800
05B8
3400
8000
0002
4C00
1000
8200
0002
8010
0008
5E10
0001
8201
0008
5800
05B9
3400
3400
8000
0015
D800
3400
8010
0008
5E10
0000
8201
0008
5800
0650
3400
8000
0016
D800
3400
4000
05CA
8200
0016
4000
05E4
8200
0016
4000
004F
E800
8000
0002
4C00
8000
8200
0002
8010
0008
5E10
0001
8201
0008
5800
064A
3400
4000
0050
E800
5C00
05F9
4000
0051
E800
4000
060C
8200
0016
8010
0008
5E10
0001
8201
0008
5800
0609
3400
4000
0052
E800
8000
0002
4C00
8000
8200
0002
8010
0008
5E10
0001
8201
0008
3400
5800
064B
3400
8000
0005
4800
0400
5C00
0622
4000
062C
8200
0016
4000
0053
E800
8010
0008
5E10
0001
8201
0008
5800
0629
3400
8010
0008
5E10
0001
8201
0008
3400
5800
064C
3400
4000
0054
E800
5C00
063D
4000
0055
E800
8010
0008
5E10
0002
8201
0008
5800
0647
3400
4000
0056
E800
8010
0008
5E10
0001
8201
0008
3400
5800
064D
3400
3400
3400
3400
5800
0651
3400
3400
8000
0008
4310
0001
5C10
0660
4310
0002
5C10
0669
4310
0000
5C10
0672
3400
8010
0007
5E10
0001
8201
0007
5800
067F
3400
8010
0007
5E10
0002
8201
0007
5800
067F
3400
4000
03F4
8200
000D
8010
0007
5E10
0000
8201
0007
5800
067F
5800
0685
3400
3400
3400
3400
3400
5800
075F
3400
8000
0017
D800
3400
4000
0057
E800
5C00
06AA
4000
0058
E800
4000
06B7
8200
0017
4000
0059
E800
8000
0002
4C00
8000
8200
0002
8010
0007
5E10
0001
8201
0007
5800
06B4
3400
4000
005A
E800
8010
0007
5E10
0001
8201
0007
3400
5800
0758
3400
4000
005B
E800
5C00
06CF
4000
005C
E800
4000
06E2
8200
0017
4000
005D
E800
8010
0007
5E10
0001
8201
0007
5800
06DF
3400
4000
005E
E800
8000
0002
4C00
8000
8200
0002
8010
0007
5E10
0001
8201
0007
3400
5800
0759
3400
4000
005F
E800
5C00
0700
4000
0060
E800
4000
070D
8200
0017
4000
0061
E800
8000
0002
4C00
4000
8200
0002
8010
0007
5E10
0001
8201
0007
5800
070A
3400
4000
0062
E800
8010
0007
5E10
0001
8201
0007
3400
5800
075A
3400
4000
0063
E800
5C00
0722
4000
0064
E800
4000
0735
8200
0017
8010
0007
5E10
0001
8201
0007
5800
0732
3400
4000
0065
E800
8000
0002
4C00
4000
8200
0002
8010
0007
5E10
0001
8201
0007
3400
5800
075B
3400
8000
0005
4800
0400
5C00
074E
4000
0066
E800
4000
068C
8200
0017
4000
0067
E800
8010
0007
5E10
0001
8201
0007
5800
0755
3400
8010
0007
5E10
0001
8201
0007
3400
5800
075C
3400
3400
3400
3400
3400
5800
0760
3400
3400
5800
0764
3400
3400
5800
0768
3400
3400
5800
076C
3400
3400
8000
0018
D800
3400
8010
0007
5E10
0000
8201
0007
5800
0B24
3400
8000
0019
D800
3400
8010
0008
5E10
0000
8201
0008
5800
094A
3400
8000
001A
D800
3400
8000
001B
D800
3400
8000
001C
D800
3400
8000
0005
4800
2000
5C00
07C8
4000
085F
8200
001C
4000
006C
E800
8000
0005
4800
0020
5C00
07B7
8000
0002
4C00
0200
8200
0002
4000
006D
E800
8010
0008
5E10
0001
8201
0008
5800
07C5
3400
4000
006E
E800
4000
089F
8200
001A
8010
0008
5E10
0001
8201
0008
3400
5800
085C
3400
8000
001D
D800
3400
C82B
8000
0005
4800
8000
4830
8000
5C30
07DB
4030
7FFF
C803
5800
07DE
4030
8000
CC03
5C00
07E2
4C22
0001
C80B
F802
4800
0001
5C00
07F4
4000
081D
8200
001D
8010
0008
5E10
0001
8201
0008
5800
081A
3400
4000
0068
E800
5C00
080F
4000
0069
E800
4000
0885
8200
001B
8000
0002
4C00
0200
8200
0002
8010
0008
5E10
0001
8201
0008
5800
0819
3400
4000
006A
E800
8010
0008
5E10
0001
8201
0008
3400
3400
5800
085A
3400
4000
081D
8200
001D
4000
07CC
8200
001D
C82B
8000
0005
4800
8000
4830
8000
5C30
0834
4030
7FFF
C803
5800
0837
4030
8000
CC03
5C00
083B
4C22
0001
C80B
F802
4800
0001
5C00
084D
4000
081D
8200
001D
8010
0008
5E10
0001
8201
0008
5800
0857
3400
4000
006B
E800
8010
0008
5E10
0001
8201
0008
3400
5800
085B
3400
3400
3400
5800
0881
3400
4000
006F
E800
5C00
0874
4000
0070
E800
4000
089F
8200
001A
8010
0008
5E10
0001
8201
0008
5800
087E
3400
4000
0071
E800
8010
0008
5E10
0001
8201
0008
3400
5800
0882
3400
3400
5800
089B
3400
8000
0002
4C00
0100
8200
0002
4000
0072
E800
4000
089F
8200
001A
8010
0008
5E10
0001
8201
0008
5800
089C
3400
3400
5800
0946
3400
4000
089F
8200
001A
4000
078A
8200
001A
4000
0073
E800
5C00
0938
8000
0005
4800
0040
5C00
092A
4000
078E
8200
001B
8000
0005
4800
2000
5C00
08EC
4000
085F
8200
001C
4000
0075
E800
8000
0005
4800
0020
5C00
08DB
8000
0002
4C00
0200
8200
0002
4000
0076
E800
8010
0008
5E10
0001
8201
0008
5800
08E9
3400
4000
0077
E800
4000
089F
8200
001A
8010
0008
5E10
0001
8201
0008
3400
5800
0927
3400
4000
0792
8200
001C
4000
07CC
8200
001D
C82B
8000
0005
4800
8000
4830
8000
5C30
0903
4030
7FFF
C803
5800
0906
4030
8000
CC03
5C00
090A
4C22
0001
C80B
F802
4800
0001
5C00
091C
4000
081D
8200
001D
8010
0008
5E10
0001
8201
0008
5800
0926
3400
4000
0074
E800
8010
0008
5E10
0001
8201
0008
3400
3400
5800
0935
3400
4000
089F
8200
001A
8010
0008
5E10
0001
8201
0008
3400
5800
0943
3400
4000
089F
8200
001A
8010
0008
5E10
0001
8201
0008
3400
5800
0947
3400
3400
5800
094B
3400
3400
8000
001E
D800
3400
8010
0008
5E10
0000
8201
0008
5800
0B00
3400
8000
001F
D800
3400
8010
0009
5E10
0000
8201
0009
5800
09D9
3400
8000
0020
D800
3400
8000
0005
4800
0400
5C00
097C
4000
09BD
8200
0020
8010
0009
5E10
0001
8201
0009
5800
09BA
3400
8000
0021
D800
3400
4000
0078
E800
5C00
099C
4000
0079
E800
4000
09A9
8200
0021
8000
0002
4C00
0040
8200
0002
8010
0009
5E10
0001
8201
0009
5800
09A6
3400
3400
4000
007A
E800
8010
0009
5E10
0001
8201
0009
3400
5800
09B8
3400
8000
0002
4C00
0040
8200
0002
8010
0009
5E10
0001
8201
0009
5800
09B9
3400
3400
3400
5800
09D5
3400
4000
09BD
8200
0020
4000
0969
8200
0020
4000
0980
8200
0021
4000
007B
E800
8010
0009
5E10
0001
8201
0009
5800
09D6
3400
3400
5800
09DA
3400
3400
8000
0022
D800
3400
8010
0009
5E10
0000
8201
0009
5800
0A5B
3400
8000
0023
D800
3400
8000
0005
4800
0400
5C00
09FE
4000
0A3F
8200
0023
8010
0009
5E10
0001
8201
0009
5800
0A3C
3400
8000
0024
D800
3400
4000
007C
E800
3400
5C00
0A1E
4000
007D
E800
4000
0A2B
8200
0024
8000
0002
4C00
2000
8200
0002
8010
0009
5E10
0001
8201
0009
5800
0A28
3400
4000
007E
E800
8010
0009
5E10
0001
8201
0009
3400
5800
0A3A
3400
8000
0002
4C00
2000
8200
0002
8010
0009
5E10
0001
8201
0009
5800
0A3B
3400
3400
3400
5800
0A57
3400
4000
0A3F
8200
0023
4000
09EB
8200
0023
4000
0A02
8200
0024
4000
007F
E800
8010
0009
5E10
0001
8201
0009
5800
0A58
3400
3400
5800
0A5C
3400
3400
8000
0025
D800
3400
8010
0009
5E10
0000
8201
0009
5800
0ADC
3400
8000
0026
D800
3400
8000
0005
4800
0200
5C00
0A80
4000
0AC0
8200
0026
8010
0009
5E10
0001
8201
0009
5800
0ABD
3400
8000
0027
D800
3400
4000
0080
E800
5C00
0A9F
4000
0081
E800
4000
0AAC
8200
0027
8000
0002
4C00
0020
8200
0002
8010
0009
5E10
0001
8201
0009
5800
0AA9
3400
4000
0082
E800
8010
0009
5E10
0001
8201
0009
3400
5800
0ABB
3400
8000
0002
4C00
0020
8200
0002
8010
0009
5E10
0001
8201
0009
5800
0ABC
3400
3400
3400
5800
0AD8
3400
4000
0AC0
8200
0026
4000
0A6D
8200
0026
4000
0A84
8200
0027
4000
0083
E800
8010
0009
5E10
0001
8201
0009
5800
0AD9
3400
3400
5800
0ADD
3400
3400
8000
0009
4310
0001
5C10
0AE8
4310
0000
5C10
0AF1
3400
8010
0008
5E10
0001
8201
0008
5800
0AFE
3400
4000
094F
8200
001E
8010
0008
5E10
0000
8201
0008
5800
0AFE
5800
0B01
3400
3400
8000
0008
4310
0001
5C10
0B0C
4310
0000
5C10
0B15
3400
8010
0007
5E10
0001
8201
0007
5800
0B22
3400
4000
0770
8200
0018
8010
0007
5E10
0000
8201
0007
5800
0B22
5800
0B25
3400
3400
8000
0028
D800
3400
8010
0007
5E10
0000
8201
0007
5800
0EBA
3400
8000
0029
D800
3400
8000
002A
D800
3400
8010
0008
5E10
0000
8201
0008
5800
0D17
3400
8000
002B
D800
3400
8000
002C
D800
3400
8000
0005
4800
0010
5C00
0B85
4000
0C3D
8200
002C
4000
008A
E800
4000
0C41
8200
002F
8000
0005
4800
0008
5C00
0B74
8000
0002
4C00
0400
8200
0002
4000
008B
E800
8010
0008
5E10
0001
8201
0008
5800
0B82
3400
4000
008C
E800
4000
0C63
8200
002F
8010
0008
5E10
0001
8201
0008
3400
5800
0C3A
3400
8000
002D
D800
3400
8000
002E
D800
3400
C82B
8000
0005
4800
4000
4830
4000
5C30
0B9C
4030
BFFF
C803
5800
0B9F
4030
4000
CC03
5C00
0BA3
4C22
0001
C80B
F802
4800
0001
5C00
0BB5
4000
0BEA
8200
002E
8010
0008
5E10
0001
8201
0008
5800
0BE7
3400
4000
0084
E800
5C00
0BDC
4000
0085
E800
4000
0086
E800
8000
0002
4C00
0400
8200
0002
8000
0002
4C00
0100
8200
0002
4000
0087
E800
4000
0C7C
8200
002B
8010
0008
5E10
0001
8201
0008
5800
0BE6
3400
4000
0088
E800
8010
0008
5E10
0001
8201
0008
3400
3400
5800
0C27
3400
4000
0BEA
8200
002E
4000
0B8D
8200
002E
C82B
8000
0005
4800
4000
4830
4000
5C30
0C01
4030
BFFF
C803
5800
0C04
4030
4000
CC03
5C00
0C08
4C22
0001
C80B
F802
4800
0001
5C00
0C1A
4000
0BEA
8200
002E
8010
0008
5E10
0001
8201
0008
5800
0C24
3400
4000
0089
E800
8010
0008
5E10
0001
8201
0008
3400
5800
0C28
3400
3400
5800
0C38
3400
4000
0C7C
8200
002B
8010
0008
5E10
0001
8201
0008
5800
0C39
3400
3400
3400
5800
0C78
3400
8000
002F
D800
3400
4000
008D
E800
5C00
0C56
4000
008E
E800
4000
0C63
8200
002F
8010
0008
5E10
0001
8201
0008
5800
0C60
3400
4000
008F
E800
8010
0008
5E10
0001
8201
0008
3400
5800
0C74
3400
4000
0C63
8200
002F
4000
0C7C
8200
002B
8010
0008
5E10
0001
8201
0008
5800
0C75
3400
3400
5800
0C79
3400
3400
5800
0D13
3400
4000
0C7C
8200
002B
4000
0B47
8200
002B
4000
0090
E800
5C00
0D05
8000
0005
4800
0010
5C00
0CC3
4000
0C3D
8200
002C
4000
0092
E800
4000
0C41
8200
002F
8000
0005
4800
0008
5C00
0CB2
8000
0002
4C00
0400
8200
0002
4000
0093
E800
8010
0008
5E10
0001
8201
0008
5800
0CC0
3400
4000
0094
E800
4000
0C63
8200
002F
8010
0008
5E10
0001
8201
0008
3400
5800
0D02
3400
4000
0B4B
8200
002C
4000
0B89
8200
002D
4000
0B8D
8200
002E
C82B
8000
0005
4800
4000
4830
4000
5C30
0CDE
4030
BFFF
C803
5800
0CE1
4030
4000
CC03
5C00
0CE5
4C22
0001
C80B
F802
4800
0001
5C00
0CF7
4000
0BEA
8200
002E
8010
0008
5E10
0001
8201
0008
5800
0D01
3400
4000
0091
E800
8010
0008
5E10
0001
8201
0008
3400
3400
5800
0D10
3400
4000
0C7C
8200
002B
8010
0008
5E10
0001
8201
0008
3400
5800
0D14
3400
3400
5800
0D18
3400
3400
8000
0030
D800
3400
8010
0008
5E10
0000
8201
0008
5800
0E81
3400
8000
0031
D800
3400
8010
0009
5E10
0000
8201
0009
5800
0DF9
3400
8000
0032
D800
3400
8000
0033
D800
3400
8000
0005
4800
0200
5C00
0D78
4000
0DB8
8200
0033
8000
0005
4800
1000
5C00
0D6A
4000
0098
E800
8000
0005
4800
2000
5C00
0D60
4000
0DD9
8200
0032
8010
0009
5E10
0001
8201
0009
5800
0D67
3400
8010
0009
5E10
0001
8201
0009
3400
5800
0D75
3400
4000
0DD9
8200
0032
8010
0009
5E10
0001
8201
0009
3400
5800
0DB5
3400
8000
0034
D800
3400
4000
0095
E800
5C00
0D97
4000
0096
E800
4000
0DA4
8200
0034
8000
0002
4C00
0010
8200
0002
8010
0009
5E10
0001
8201
0009
5800
0DA1
3400
4000
0097
E800
8010
0009
5E10
0001
8201
0009
3400
5800
0DB3
3400
8000
0002
4C00
0010
8200
0002
8010
0009
5E10
0001
8201
0009
5800
0DB4
3400
3400
3400
5800
0DD5
3400
8000
0005
4800
2000
5C00
0DCB
4000
0DD9
8200
0032
8010
0009
5E10
0001
8201
0009
5800
0DD2
3400
8010
0009
5E10
0001
8201
0009
3400
5800
0DD6
3400
3400
5800
0DF5
3400
4000
0DD9
8200
0032
4000
0D36
8200
0032
4000
0D3A
8200
0033
4000
0D7C
8200
0034
4000
0099
E800
8010
0009
5E10
0001
8201
0009
5800
0DF6
3400
3400
5800
0DFA
3400
3400
8000
0035
D800
3400
8010
0009
5E10
0000
8201
0009
5800
0E5D
3400
8000
0005
4800
0400
5C00
0E1D
4000
0E21
8200
0036
4000
009D
E800
8010
0009
5E10
0001
8201
0009
5800
0E5A
3400
8000
0036
D800
3400
4000
009A
E800
5C00
0E3C
4000
009B
E800
4000
0E49
8200
0036
8000
0002
4C00
0008
8200
0002
8010
0009
5E10
0001
8201
0009
5800
0E46
3400
4000
009C
E800
8010
0009
5E10
0001
8201
0009
3400
5800
0E58
3400
8000
0002
4C00
0008
8200
0002
8010
0009
5E10
0001
8201
0009
5800
0E59
3400
3400
3400
5800
0E5E
3400
3400
8000
0009
4310
0001
5C10
0E69
4310
0000
5C10
0E72
3400
8010
0008
5E10
0001
8201
0008
5800
0E7F
3400
4000
0D1C
8200
0030
8010
0008
5E10
0000
8201
0008
5800
0E7F
5800
0E82
3400
3400
8000
0008
4310
0001
5C10
0E8D
4310
0000
5C10
0E96
3400
8010
0007
5E10
0001
8201
0007
5800
0EA3
3400
4000
0EA5
8200
0029
8010
0007
5E10
0001
8201
0007
5800
0EA3
5800
0EB6
3400
4000
0EA5
8200
0029
4000
0B29
8200
0028
8010
0007
5E10
0000
8201
0007
5800
0EB7
3400
3400
5800
0EBB
3400
3400
8000
0007
4310
0001
5C10
0ECA
4310
0002
5C10
0ECF
4310
0000
5C10
0EDF
3400
5800
1437
5800
1178
3400
4000
117A
8200
000C
4000
001B
E800
4000
117E
8200
0037
5800
1437
5800
1178
3400
4000
03F0
8200
000C
4000
03FD
8200
000D
4000
001C
E800
5C00
0F00
4000
0401
8200
000E
4000
001D
E800
4000
0405
8200
000F
8010
0007
5E10
0001
8201
0007
5800
0F67
3400
4000
0443
8200
000E
4000
001E
E800
5C00
0F1D
4000
0447
8200
0010
4000
001F
E800
4000
044B
8200
0011
8010
0007
5E10
0001
8201
0007
5800
0F66
3400
4000
04D2
8200
0010
4000
0020
E800
5C00
0F3D
4000
04D6
8200
0012
4000
0021
E800
4000
04DA
8200
0013
4000
0022
E800
8010
0007
5E10
0001
8201
0007
5800
0F65
3400
4000
0688
8200
0012
4000
0023
E800
5C00
0F59
4000
0024
E800
4000
068C
8200
0017
4000
0025
E800
8010
0007
5E10
0001
8201
0007
5800
0F64
3400
4000
03F4
8200
000D
8010
0007
5E10
0000
8201
0007
3400
3400
3400
3400
4000
0779
8200
0018
4000
0786
8200
0019
4000
078A
8200
001A
4000
0026
E800
5C00
1004
8000
0005
4800
0040
5C00
0FF6
4000
078E
8200
001B
8000
0005
4800
2000
5C00
0FB8
4000
085F
8200
001C
4000
0028
E800
8000
0005
4800
0020
5C00
0FA7
8000
0002
4C00
0200
8200
0002
4000
0029
E800
8010
0008
5E10
0001
8201
0008
5800
0FB5
3400
4000
002A
E800
4000
089F
8200
001A
8010
0008
5E10
0001
8201
0008
3400
5800
0FF3
3400
4000
0792
8200
001C
4000
07CC
8200
001D
C82B
8000
0005
4800
8000
4830
8000
5C30
0FCF
4030
7FFF
C803
5800
0FD2
4030
8000
CC03
5C00
0FD6
4C22
0001
C80B
F802
4800
0001
5C00
0FE8
4000
081D
8200
001D
8010
0008
5E10
0001
8201
0008
5800
0FF2
3400
4000
0027
E800
8010
0008
5E10
0001
8201
0008
3400
3400
5800
1001
3400
4000
089F
8200
001A
8010
0008
5E10
0001
8201
0008
3400
5800
100F
3400
4000
089F
8200
001A
8010
0008
5E10
0001
8201
0008
3400
4000
0958
8200
001E
4000
0965
8200
001F
4000
0969
8200
0020
4000
0980
8200
0021
4000
002B
E800
8010
0009
5E10
0001
8201
0009
4000
09E7
8200
0022
4000
09EB
8200
0023
4000
0A02
8200
0024
4000
002C
E800
8010
0009
5E10
0001
8201
0009
4000
0A69
8200
0025
4000
0A6D
8200
0026
4000
0A84
8200
0027
4000
002D
E800
8010
0009
5E10
0001
8201
0009
8000
0009
4310
0001
5C10
1059
3400
8010
0008
5E10
0001
8201
0008
5800
1062
8000
0008
4310
0001
5C10
1068
3400
8010
0007
5E10
0001
8201
0007
5800
1071
4000
0B32
8200
0028
4000
0B36
8200
0029
4000
0B43
8200
002A
4000
0B47
8200
002B
4000
002E
E800
5C00
1101
8000
0005
4800
0010
5C00
10BF
4000
0C3D
8200
002C
4000
0030
E800
4000
0C41
8200
002F
8000
0005
4800
0008
5C00
10AE
8000
0002
4C00
0400
8200
0002
4000
0031
E800
8010
0008
5E10
0001
8201
0008
5800
10BC
3400
4000
0032
E800
4000
0C63
8200
002F
8010
0008
5E10
0001
8201
0008
3400
5800
10FE
3400
4000
0B4B
8200
002C
4000
0B89
8200
002D
4000
0B8D
8200
002E
C82B
8000
0005
4800
4000
4830
4000
5C30
10DA
4030
BFFF
C803
5800
10DD
4030
4000
CC03
5C00
10E1
4C22
0001
C80B
F802
4800
0001
5C00
10F3
4000
0BEA
8200
002E
8010
0008
5E10
0001
8201
0008
5800
10FD
3400
4000
002F
E800
8010
0008
5E10
0001
8201
0008
3400
3400
5800
110C
3400
4000
0C7C
8200
002B
8010
0008
5E10
0001
8201
0008
3400
4000
0D25
8200
0030
4000
0D32
8200
0031
4000
0D36
8200
0032
4000
0D3A
8200
0033
4000
0D7C
8200
0034
4000
0033
E800
8010
0009
5E10
0001
8201
0009
4000
0E07
8200
0035
4000
0E21
8200
0036
4000
0034
E800
8010
0009
5E10
0001
8201
0009
8000
0009
4310
0001
5C10
1141
3400
8010
0008
5E10
0001
8201
0008
5800
114A
8000
0008
4310
0001
5C10
1150
3400
8010
0007
5E10
0001
8201
0007
5800
1159
8000
0007
4310
0001
5C10
1167
4310
0001
5C10
116C
4310
0001
5C10
1171
3400
5800
1437
5800
1176
3400
5800
1437
5800
1176
3400
5800
1437
5800
1176
5800
1178
5800
142C
3400
8000
0037
D800
3400
4000
117E
8200
0037
4000
118B
8200
0037
5800
1437
5800
1428
3400
4000
118B
8200
0037
4000
03F0
8200
000C
4000
03FD
8200
000D
4000
009E
E800
5C00
11B0
4000
0401
8200
000E
4000
009F
E800
4000
0405
8200
000F
8010
0007
5E10
0001
8201
0007
5800
1217
3400
4000
0443
8200
000E
4000
00A0
E800
5C00
11CD
4000
0447
8200
0010
4000
00A1
E800
4000
044B
8200
0011
8010
0007
5E10
0001
8201
0007
5800
1216
3400
4000
04D2
8200
0010
4000
00A2
E800
5C00
11ED
4000
04D6
8200
0012
4000
00A3
E800
4000
04DA
8200
0013
4000
00A4
E800
8010
0007
5E10
0001
8201
0007
5800
1215
3400
4000
0688
8200
0012
4000
00A5
E800
5C00
1209
4000
00A6
E800
4000
068C
8200
0017
4000
00A7
E800
8010
0007
5E10
0001
8201
0007
5800
1214
3400
4000
03F4
8200
000D
8010
0007
5E10
0000
8201
0007
3400
3400
3400
3400
4000
0779
8200
0018
4000
0786
8200
0019
4000
078A
8200
001A
4000
00A8
E800
5C00
12B4
8000
0005
4800
0040
5C00
12A6
4000
078E
8200
001B
8000
0005
4800
2000
5C00
1268
4000
085F
8200
001C
4000
00AA
E800
8000
0005
4800
0020
5C00
1257
8000
0002
4C00
0200
8200
0002
4000
00AB
E800
8010
0008
5E10
0001
8201
0008
5800
1265
3400
4000
00AC
E800
4000
089F
8200
001A
8010
0008
5E10
0001
8201
0008
3400
5800
12A3
3400
4000
0792
8200
001C
4000
07CC
8200
001D
C82B
8000
0005
4800
8000
4830
8000
5C30
127F
4030
7FFF
C803
5800
1282
4030
8000
CC03
5C00
1286
4C22
0001
C80B
F802
4800
0001
5C00
1298
4000
081D
8200
001D
8010
0008
5E10
0001
8201
0008
5800
12A2
3400
4000
00A9
E800
8010
0008
5E10
0001
8201
0008
3400
3400
5800
12B1
3400
4000
089F
8200
001A
8010
0008
5E10
0001
8201
0008
3400
5800
12BF
3400
4000
089F
8200
001A
8010
0008
5E10
0001
8201
0008
3400
4000
0958
8200
001E
4000
0965
8200
001F
4000
0969
8200
0020
4000
0980
8200
0021
4000
00AD
E800
8010
0009
5E10
0001
8201
0009
4000
09E7
8200
0022
4000
09EB
8200
0023
4000
0A02
8200
0024
4000
00AE
E800
8010
0009
5E10
0001
8201
0009
4000
0A69
8200
0025
4000
0A6D
8200
0026
4000
0A84
8200
0027
4000
00AF
E800
8010
0009
5E10
0001
8201
0009
8000
0009
4310
0001
5C10
1309
3400
8010
0008
5E10
0001
8201
0008
5800
1312
8000
0008
4310
0001
5C10
1318
3400
8010
0007
5E10
0001
8201
0007
5800
1321
4000
0B32
8200
0028
4000
0B36
8200
0029
4000
0B43
8200
002A
4000
0B47
8200
002B
4000
00B0
E800
5C00
13B1
8000
0005
4800
0010
5C00
136F
4000
0C3D
8200
002C
4000
00B2
E800
4000
0C41
8200
002F
8000
0005
4800
0008
5C00
135E
8000
0002
4C00
0400
8200
0002
4000
00B3
E800
8010
0008
5E10
0001
8201
0008
5800
136C
3400
4000
00B4
E800
4000
0C63
8200
002F
8010
0008
5E10
0001
8201
0008
3400
5800
13AE
3400
4000
0B4B
8200
002C
4000
0B89
8200
002D
4000
0B8D
8200
002E
C82B
8000
0005
4800
4000
4830
4000
5C30
138A
4030
BFFF
C803
5800
138D
4030
4000
CC03
5C00
1391
4C22
0001
C80B
F802
4800
0001
5C00
13A3
4000
0BEA
8200
002E
8010
0008
5E10
0001
8201
0008
5800
13AD
3400
4000
00B1
E800
8010
0008
5E10
0001
8201
0008
3400
3400
5800
13BC
3400
4000
0C7C
8200
002B
8010
0008
5E10
0001
8201
0008
3400
4000
0D25
8200
0030
4000
0D32
8200
0031
4000
0D36
8200
0032
4000
0D3A
8200
0033
4000
0D7C
8200
0034
4000
00B5
E800
8010
0009
5E10
0001
8201
0009
4000
0E07
8200
0035
4000
0E21
8200
0036
4000
00B6
E800
8010
0009
5E10
0001
8201
0009
8000
0009
4310
0001
5C10
13F1
3400
8010
0008
5E10
0001
8201
0008
5800
13FA
8000
0008
4310
0001
5C10
1400
3400
8010
0007
5E10
0001
8201
0007
5800
1409
8000
0007
4310
0001
5C10
1417
4310
0001
5C10
141C
4310
0001
5C10
1421
3400
5800
1437
5800
1426
3400
5800
1437
5800
1426
3400
5800
1437
5800
1426
5800
1429
3400
3400
5800
142D
3400
3400
5800
1431
3400
3400
5800
1436
3400
3400
3400
5800
00E0
