256 
256 
192 
256 
27 
193 
66 
257 
257 
224 
256 
407 
256 
256 
194 
66 
257 
257 
224 
256 
441 
256 
256 
194 
66 
257 
257 
224 
256 
389 
256 
256 
579 
256 
256 
195 
34 
196 
197 
66 
198 
257 
257 
224 
1 
256 
439 
256 
256 
199 
66 
257 
257 
224 
199 
65 
248 
67 
257 
257 
168 
200 
29 
2 
40 
201 
5 
248 
256 
480 
256 
256 
0 
162 
65 
168 
67 
257 
257 
162 
256 
452 
256 
256 
168 
38 
162 
201 
4 
34 
162 
166 
3 
256 
389 
256 
256 
963 
256 
256 
201 
66 
257 
257 
224 
32 
160 
201 
4 
248 
66 
257 
257 
224 
35 
201 
4 
66 
257 
257 
224 
36 
160 
645 
256 
256 
242 
201 
5 
25 
256 
256 
163 
1280 
244 
202 
1 
248 
4 
4 
38 
1185 
1280 
246 
4 
76 
257 
257 
224 
166 
622 
256 
256 
1280 
244 
38 
242 
198 
5 
25 
256 
256 
166 
163 
1280 
244 
202 
1025 
248 
4 
4 
601 
256 
256 
242 
201 
5 
25 
256 
256 
163 
1280 
244 
202 
1 
248 
4 
4 
38 
1280 
1280 
246 
166 
579 
256 
256 
242 
201 
5 
25 
256 
256 
163 
1280 
244 
202 
1 
248 
4 
4 
38 
1280 
1280 
246 
166 
557 
256 
256 
242 
201 
5 
25 
164 
549 
256 
256 
242 
201 
5 
25 
164 
203 
4 
539 
256 
256 
242 
201 
5 
25 
256 
256 
163 
1280 
244 
202 
1 
248 
4 
4 
522 
256 
256 
1185 
1280 
246 
4 
76 
257 
257 
224 
655 
241 
46 
1185 
1280 
246 
1028 
1100 
257 
257 
224 
248 
202 
1 
38 
200 
28 
39 
240 
201 
4 
166 
5 
26 
256 
237 
248 
256 
451 
241 
46 
578 
201 
4 
77 
257 
257 
224 
201 
5 
76 
257 
257 
224 
167 
4 
76 
257 
257 
224 
605 
256 
256 
1185 
1272 
246 
4 
76 
257 
257 
224 
248 
202 
1 
38 
200 
28 
39 
240 
201 
4 
166 
5 
26 
256 
237 
256 
256 
403 
241 
46 
201 
5 
77 
257 
257 
224 
204 
4 
76 
257 
257 
224 
205 
4 
558 
256 
256 
257 
257 
206 
65 
198 
67 
257 
257 
2304 
1185 
1280 
246 
4 
76 
257 
257 
224 
248 
202 
1 
38 
200 
28 
39 
240 
201 
4 
166 
5 
26 
256 
237 
248 
256 
451 
241 
46 
986 
201 
4 
77 
257 
257 
224 
167 
4 
248 
201 
4 
76 
160 
45 
32 
257 
257 
224 
242 
226 
5 
47 
160 
76 
161 
48 
257 
257 
224 
73 
248 
207 
1 
51 
205 
28 
248 
207 
1 
52 
205 
28 
33 
240 
201 
4 
248 
179 
5 
53 
181 
201 
4 
24 
180 
4 
256 
27 
0 
0 
181 
175 
226 
25 
174 
176 
173 
257 
257 
2304 
38 
248 
76 
32 
33 
24 
257 
257 
224 
73 
47 
256 
27 
0 
0 
226 
175 
4 
25 
166 
257 
257 
2304 
38 
39 
248 
76 
32 
33 
24 
257 
257 
224 
73 
47 
256 
27 
0 
0 
226 
175 
4 
25 
167 
166 
257 
257 
2304 
248 
76 
32 
33 
24 
257 
257 
224 
73 
47 
256 
27 
226 
175 
4 
25 
0 
0 
257 
257 
2304 
2304 
2256 
2243 
2249 
2246 
2252 
2244 
2253 
1280 
2293 
1280 
1280 
2295 
1185 
244 
4 
76 
257 
257 
2272 
1185 
1280 
246 
4 
76 
257 
257 
2272 
1280 
2284 
2280 
2281 
2282 
2283 
1280 
2068 
2064 
2065 
2066 
2067 
2048 
0 
2048 
2296 
38 
39 
166 
167 
2214 
38 
39 
40 
166 
168 
167 
2214 
38 
39 
167 
166 
167 
2214 
38 
39 
40 
167 
166 
168 
167 
2214 
38 
39 
40 
41 
167 
166 
169 
168 
167 
2214 
38 
39 
166 
2215 
2052 
2053 
208 
3 
201 
2052 
2049 
2050 
2051 
2077 
2078 
2076 
64 
0 
198 
208 
4 
248 
256 
507 
256 
256 
0 
2273 
1265 
244 
4 
1050 
245 
237 
4 
2069 
209 
2049 
1280 
1282 
0 
2304 
1280 
1282 
0 
2048 
1280 
1282 
256 
2304 
1296 
1280 
257 
257 
2272 
74 
272 
257 
257 
2272 
1099 
1280 
257 
257 
2304 
74 
75 
257 
257 
2304 
1094 
1280 
257 
257 
2272 
74 
70 
257 
257 
2272 
71 
1280 
1280 
257 
257 
2048 
38 
74 
166 
71 
257 
257 
2048 
201 
4 
77 
257 
257 
2272 
69 
0 
0 
257 
257 
2304 
68 
0 
257 
257 
2272 
0 
210 
65 
195 
67 
165 
201 
4 
257 
257 
273 
37 
211 
65 
201 
67 
257 
257 
2304 
0 
165 
201 
5 
248 
37 
460 
211 
65 
195 
67 
257 
257 
210 
65 
201 
67 
257 
257 
2304 
1185 
1280 
246 
4 
248 
76 
201 
4 
257 
257 
224 
38 
76 
166 
257 
257 
2272 
195 
2243 
195 
2249 
38 
0 
2214 
248 
38 
207 
30 
2214 
232 
2281 
233 
2282 
234 
2283 
241 
248 
201 
4 
24 
38 
234 
235 
166 
24 
2304 
241 
1272 
244 
4 
24 
38 
232 
233 
166 
24 
2304 
17 
2064 
18 
2065 
19 
2066 
241 
248 
201 
4 
24 
38 
19 
18 
166 
24 
2304 
241 
1272 
244 
4 
24 
38 
17 
16 
166 
24 
2304 
1280 
1280 
246 
248 
66 
201 
4 
38 
257 
257 
224 
166 
66 
257 
257 
2272 
1063 
1062 
246 
248 
65 
166 
67 
201 
4 
257 
257 
65 
167 
67 
257 
257 
2304 
248 
256 
407 
256 
256 
77 
257 
257 
224 
1280 
1280 
246 
4 
248 
77 
201 
4 
38 
257 
257 
224 
166 
77 
257 
257 
2272 
206 
65 
198 
67 
257 
257 
2304 
39 
38 
248 
256 
436 
256 
256 
77 
257 
257 
224 
1280 
1280 
246 
4 
248 
65 
166 
78 
201 
4 
257 
257 
65 
167 
78 
257 
257 
2304 
206 
65 
198 
67 
257 
257 
2304 
257 
257 
206 
65 
204 
67 
257 
257 
2304 
38 
40 
39 
248 
248 
426 
201 
4 
77 
257 
257 
224 
201 
5 
167 
5 
167 
2 
212 
1 
256 
481 
256 
256 
77 
257 
257 
224 
167 
201 
29 
4 
41 
169 
65 
168 
67 
169 
201 
4 
257 
257 
65 
166 
67 
257 
257 
2304 
206 
65 
198 
67 
257 
257 
2304 
257 
257 
206 
65 
204 
67 
257 
257 
2304 
39 
248 
248 
428 
201 
4 
77 
257 
257 
224 
201 
5 
167 
5 
167 
2 
212 
1 
256 
483 
256 
256 
77 
257 
257 
224 
167 
201 
29 
4 
248 
41 
66 
257 
257 
224 
169 
201 
4 
66 
257 
257 
2272 
208 
3 
38 
208 
3 
166 
195 
201 
38 
39 
40 
41 
168 
201 
28 
166 
201 
28 
4 
166 
168 
1 
201 
1 
4 
207 
28 
167 
4 
169 
4 
166 
168 
2052 
208 
3 
38 
208 
3 
39 
40 
41 
168 
201 
28 
166 
201 
28 
4 
166 
201 
1 
168 
201 
1 
4 
201 
4 
201 
30 
4 
207 
28 
167 
4 
169 
4 
166 
168 
4 
201 
2052 
38 
39 
40 
41 
169 
207 
30 
167 
207 
30 
208 
3 
2 
256 
451 
256 
256 
2249 
169 
207 
30 
208 
3 
167 
207 
30 
2 
256 
451 
256 
256 
2256 
166 
208 
3 
38 
167 
208 
3 
39 
168 
201 
28 
166 
201 
28 
4 
166 
201 
1 
168 
201 
1 
4 
201 
4 
201 
30 
4 
207 
28 
167 
4 
169 
4 
41 
166 
168 
4 
201 
4 
40 
168 
169 
2 
256 
451 
256 
256 
2243 
169 
207 
30 
256 
451 
256 
256 
2249 
2256 
213 
1 
248 
452 
256 
256 
2048 
256 
248 
214 
5 
207 
28 
256 
460 
40 
38 
39 
195 
167 
168 
214 
5 
2076 
256 
256 
256 
39 
167 
168 
28 
166 
168 
28 
167 
214 
168 
5 
29 
2052 
213 
1 
248 
452 
256 
256 
2048 
256 
248 
214 
5 
207 
28 
256 
460 
40 
38 
39 
167 
207 
30 
167 
168 
214 
5 
2078 
256 
39 
167 
168 
30 
166 
168 
28 
167 
214 
168 
5 
29 
2052 
213 
1 
248 
452 
256 
256 
2048 
256 
248 
214 
5 
207 
28 
256 
460 
40 
38 
39 
166 
168 
214 
5 
29 
2243 
256 
256 
256 
39 
167 
168 
29 
166 
214 
168 
5 
28 
4 
166 
168 
2077 
38 
39 
40 
167 
3 
166 
168 
2051 
38 
39 
40 
167 
1 
166 
168 
2049 
38 
39 
40 
167 
2 
166 
168 
2050 
66 
257 
257 
2272 
65 
67 
257 
257 
2304 
26 
256 
2285 
26 
256 
2069 
240 
201 
2052 
256 
27 
0 
2048 
2289 
24 
2304 
208 
4 
40 
66 
39 
257 
257 
224 
38 
168 
248 
167 
4 
26 
248 
166 
4 
65 
237 
67 
248 
257 
257 
498 
208 
4 
2048 
208 
4 
40 
39 
66 
257 
257 
224 
38 
168 
248 
166 
4 
66 
248 
167 
4 
26 
257 
257 
224 
21 
248 
256 
497 
208 
4 
2048 
72 
0 
257 
257 
2048 
2304 
256 
387 
39 
40 
2216 
2215 
215 
65 
195 
67 
257 
257 
2304 
242 
6 
262 
227 
25 
256 
263 
256 
256 
256 
2304 
201 
1 
256 
261 
256 
0 
32 
33 
24 
47 
256 
27 
262 
227 
25 
256 
263 
256 
256 
256 
2304 
8 
256 
2304 
256 
268 
227 
202 
1 
269 
256 
262 
227 
25 
256 
0 
0 
256 
263 
256 
256 
256 
268 
227 
202 
1 
269 
256 
262 
227 
25 
256 
0 
0 
256 
263 
256 
256 
2304 
259 
256 
0 
0 
2304 
256 
2304 
260 
242 
7 
266 
227 
268 
227 
248 
4 
5 
256 
263 
256 
241 
46 
248 
201 
4 
76 
160 
45 
32 
257 
257 
224 
242 
226 
5 
47 
160 
76 
161 
48 
257 
257 
224 
73 
248 
207 
1 
0 
198 
51 
205 
28 
248 
207 
1 
52 
205 
28 
33 
240 
201 
4 
248 
179 
5 
53 
181 
201 
4 
24 
180 
4 
256 
27 
0 
0 
181 
175 
226 
25 
174 
176 
173 
257 
257 
2304 
1280 
260 
265 
227 
267 
227 
269 
256 
256 
0 
2048 
260 
268 
227 
267 
227 
269 
256 
256 
0 
2048 
1280 
260 
268 
227 
265 
227 
269 
256 
256 
0 
2048 
1280 
256 
271 
256 
2304 
260 
268 
227 
256 
270 
256 
227 
256 
261 
256 
256 
0 
2048 
1280 
256 
265 
256 
227 
256 
270 
256 
227 
256 
261 
256 
0 
2048 
1280 
260 
256 
268 
227 
265 
227 
1 
261 
256 
2048 
1280 
260 
256 
268 
227 
265 
227 
2 
261 
256 
2048 
1280 
260 
256 
268 
227 
265 
227 
4 
261 
256 
2048 
1280 
260 
256 
268 
227 
265 
227 
5 
256 
297 
261 
256 
2048 
260 
256 
268 
227 
267 
227 
1 
261 
256 
2048 
260 
256 
268 
227 
267 
227 
2 
261 
256 
2048 
260 
256 
268 
227 
267 
227 
4 
261 
256 
2048 
1280 
256 
265 
256 
258 
256 
256 
2304 
260 
256 
268 
256 
258 
256 
256 
2304 
256 
2304 
1280 
260 
267 
227 
265 
256 
258 
256 
256 
2048 
1280 
265 
256 
258 
256 
256 
2304 
1280 
260 
256 
267 
227 
265 
227 
5 
256 
297 
256 
2048 
1280 
260 
256 
288 
227 
256 
261 
256 
2048 
1280 
260 
256 
288 
227 
256 
261 
256 
2048 
260 
268 
227 
256 
256 
270 
256 
227 
4 
256 
289 
227 
256 
4 
256 
256 
270 
227 
261 
258 
256 
0 
2048 
298 
2304 
290 
2304 
291 
2304 
292 
227 
261 
256 
2048 
293 
2304 
260 
294 
2304 
260 
295 
2304 
296 
227 
261 
256 
2048 
1280 
256 
2304 
256 
2304 
0 
0 
0 
0 
0 
0 
0 
0 
0 
0 
0 
0 
0 
0 
0 
0 
0 
0 
0 
0 
0 
0 
0 
0 
0 
0 
0 
0 
0 
0 
0 
0 
0 
0 
0 
0 
0 
0 
0 
0 
0 
0 
0 
0 
0 
0 
0 
0 
0 
0 
0 
0 
0 
0 
0 
0 
0 
0 
0 
0 
0 
0 
0 
0 
0 
0 
0 
0 
0 
0 
0 
0 
0 
0 
0 
0 
0 
0 
0 
0 
0 
0 
0 
0 
0 
0 
0 
0 
0 
0 
0 
0 
0 
0 
0 
0 
0 
0 
0 
0 
0 
0 
0 
0 
0 
0 
0 
0 
0 
0 
0 
0 
0 
0 
0 
0 
0 
0 
0 
0 
0 
0 
0 
0 
0 
0 
0 
0 
0 
0 
0 
0 
0 
0 
0 
0 
0 
0 
0 
0 
0 
0 
0 
0 
0 
0 
0 
0 
0 
0 
0 
0 
0 
0 
0 
0 
0 
0 
0 
0 
0 
0 
0 
