0 
0 
0 
0 
0 
0 
0 
0 
0 
0 
0 
0 
0 
0 
0 
0 
0 
0 
0 
0 
0 
0 
0 
305419896 
305419896 
305419896 
305419896 
305419896 
305419896 
305419896 
305419896 
305419896 
64 
-122 
-121 
0 
4 
-112 
2 
-111 
8 
1 
255 
6 
3 
5 
-124 
31 
-1 
65535 
-128 
-123 
-2147483648 
63 
32 
-113 
305419896 
305419896 
305419896 
305419896 
305419896 
305419896 
20131219 
0 
305419896 
305419896 
305419896 
305419896 
305419896 
305419896 
305419896 
305419896 
305419896 
305419896 
305419896 
305419896 
305419896 
305419896 
305419896 
305419896 
305419896 
305419896 
305419896 
305419896 
305419896 
305419896 
305419896 
305419896 
305419896 
305419896 
305419896 
305419896 
305419896 
305419896 
305419896 
305419896 
305419896 
305419896 
305419896 
305419896 
305419896 
305419896 
305419896 
305419896 
305419896 
305419896 
305419896 
305419896 
305419896 
305419896 
305419896 
305419896 
305419896 
305419896 
305419896 
305419896 
305419896 
305419896 
305419896 
305419896 
305419896 
305419896 
305419896 
305419896 
305419896 
305419896 
305419896 
305419896 
305419896 
305419896 
305419896 
305419896 
305419896 
305419896 
305419896 
305419896 
305419896 
305419896 
305419896 
305419896 
305419896 
305419896 
305419896 
305419896 
305419896 
305419896 
305419896 
305419896 
305419896 
305419896 
305419896 
305419896 
305419896 
305419896 
305419896 
305419896 
305419896 
305419896 
305419896 
305419896 
305419896 
305419896 
305419896 
305419896 
305419896 
305419896 
305419896 
305419896 
305419896 
305419896 
305419896 
305419896 
305419896 
305419896 
305419896 
305419896 
305419896 
305419896 
305419896 
305419896 
305419896 
305419896 
305419896 
305419896 
305419896 
305419896 
305419896 
305419896 
305419896 
305419896 
305419896 
305419896 
305419896 
305419896 
305419896 
305419896 
305419896 
305419896 
305419896 
305419896 
305419896 
305419896 
305419896 
305419896 
305419896 
305419896 
305419896 
305419896 
305419896 
305419896 
305419896 
305419896 
305419896 
305419896 
305419896 
305419896 
305419896 
305419896 
305419896 
305419896 
305419896 
305419896 
305419896 
305419896 
305419896 
305419896 
305419896 
305419896 
305419896 
305419896 
305419896 
305419896 
305419896 
305419896 
305419896 
305419896 
305419896 
305419896 
305419896 
305419896 
305419896 
305419896 
305419896 
305419896 
305419896 
305419896 
305419896 
305419896 
305419896 
305419896 
305419896 
305419896 
305419896 
305419896 
305419896 
305419896 
